10 10
4.59430 0.41950 6.23421 2.81979 6.34273 5.94331 1.93830 3.27137 4.18033 5.98855
5.57665 6.97289 4.64857 4.66726 2.35702 5.60276 6.50482 7.88487 4.27947 2.15233
0.75300 7.23033 5.29322 0.55134 6.98252 8.37445 3.32619 6.13905 1.44724 1.64086
5.90717 2.15207 7.08757 8.09140 0.30549 0.37745 7.46489 6.48322 6.39403 7.25872
8.17933 7.33227 5.62945 4.71511 4.13859 8.33975 2.55461 8.76300 3.11578 0.30936
6.44194 6.46199 3.27878 1.10598 0.26998 8.52133 5.79449 1.74657 4.88235 4.33079
8.63680 2.16287 0.60788 2.38384 1.70722 6.18296 2.98045 1.99871 5.42500 2.31707
4.83135 0.13626 5.24021 4.69443 6.09423 1.47584 7.98946 6.62191 7.43100 4.73384
8.81330 6.86126 1.20174 2.83919 1.73739 2.76047 5.86976 1.28374 7.87162 1.30057
4.05825 5.97778 4.89947 2.42454 6.39396 6.34463 5.57715 3.60594 3.53352 5.29067