10 10
4.16245 0.70430 0.30720 3.40436 3.49624 5.79508 2.92592 4.42793 1.87456 4.56425
7.22488 5.45151 8.61777 2.46235 0.54209 2.36126 1.06354 0.62730 7.65763 5.13126
3.64934 6.86150 3.26028 6.68882 6.95502 7.04386 4.45026 2.93203 1.55837 7.59189
0.93896 4.79823 2.07339 6.49867 1.93576 0.03194 5.87930 7.70513 1.46381 6.31741
3.62271 0.65928 2.13991 3.06340 5.40528 4.72736 3.49606 5.61377 7.91907 2.33697
8.86385 7.27318 6.41978 8.28200 2.51288 7.77476 2.44025 7.75526 4.72337 8.53770
0.70626 2.92426 3.29894 7.14781 3.98029 1.68010 2.44786 6.40107 5.00406 1.60756
3.69881 4.10812 2.97498 4.85654 5.81225 3.64507 6.92834 3.39972 3.96054 0.43058
5.80251 4.28518 0.08049 4.66456 5.70686 1.17350 4.92678 6.82292 4.14087 8.51185
0.50183 4.19182 1.54227 1.88013 0.54440 1.88817 1.04914 3.19145 7.92245 1.73836